img/00025_00000.png 1 0 0 61 57
img/00025_00001.png 1 0 0 88 82
img/00025_00002.png 1 0 0 118 107
img/00029_00000.png 1 0 0 61 57
img/00029_00001.png 1 0 0 79 73
img/00029_00002.png 1 0 0 75 128
img/00032_00000.png 1 0 0 130 263
img/00032_00001.png 1 0 0 107 107
img/00032_00002.png 1 0 0 71 73
img/00037_00000.png 1 0 0 53 52
img/00037_00001.png 1 0 0 61 58
img/00037_00002.png 1 0 0 83 107
img/00039_00000.png 1 0 0 215 217
img/00039_00001.png 1 0 0 112 116
img/00039_00002.png 1 0 0 67 69
img/00042_00000.png 1 0 0 54 52
img/00042_00001.png 1 0 0 62 59
img/00042_00002.png 1 0 0 95 111
img/00044_00000.png 1 0 0 80 85
img/00044_00001.png 1 0 0 67 67
img/00044_00002.png 1 0 0 55 56
img/00045_00000.png 1 0 0 50 51
img/00045_00001.png 1 0 0 58 61
img/00045_00002.png 1 0 0 61 105
img/00046_00000.png 1 0 0 69 71
img/00046_00001.png 1 0 0 56 57
img/00050_00000.png 1 0 0 151 147
img/00050_00001.png 1 0 0 100 104
img/00050_00002.png 1 0 0 72 72
img/00060_00000.png 1 0 0 80 81
img/00060_00001.png 1 0 0 64 76
img/00060_00002.png 1 0 0 51 51
img/00063_00000.png 1 0 0 119 127
img/00063_00001.png 1 0 0 87 94
img/00063_00002.png 1 0 0 69 71
img/00065_00000.png 1 0 0 71 70
img/00065_00001.png 1 0 0 80 95
img/00065_00002.png 1 0 0 58 61
img/00068_00000.png 1 0 0 82 86
img/00068_00001.png 1 0 0 39 42
img/00079_00000.png 1 0 0 112 100
img/00079_00001.png 1 0 0 151 132
img/00079_00002.png 1 0 0 167 264
img/00092_00000.png 1 0 0 131 131
img/00092_00001.png 1 0 0 72 71
img/00092_00002.png 1 0 0 51 51
img/00103_00000.png 1 0 0 136 134
img/00103_00001.png 1 0 0 98 97
img/00103_00002.png 1 0 0 80 80
img/00111_00000.png 1 0 0 48 52
img/00111_00001.png 1 0 0 68 74
img/00111_00002.png 1 0 0 55 59
img/00118_00000.png 1 0 0 36 40
img/00118_00001.png 1 0 0 36 39
img/00118_00002.png 1 0 0 42 42
img/00121_00000.png 1 0 0 260 260
img/00121_00001.png 1 0 0 192 194
img/00121_00002.png 1 0 0 143 143
img/00123_00000.png 1 0 0 59 83
img/00123_00001.png 1 0 0 70 83
img/00123_00002.png 1 0 0 63 83
img/00136_00000.png 1 0 0 84 80
img/00136_00001.png 1 0 0 176 178
img/00136_00002.png 1 0 0 54 51
img/00143_00000.png 1 0 0 50 49
img/00143_00001.png 1 0 0 67 63
img/00143_00002.png 1 0 0 160 144
img/00192_00000.png 1 0 0 42 43
img/00192_00001.png 1 0 0 48 48
img/00192_00002.png 1 0 0 56 57
img/00207_00000.png 1 0 0 160 147
img/00207_00001.png 1 0 0 119 109
img/00207_00002.png 1 0 0 96 87
img/00208_00000.png 1 0 0 167 168
img/00208_00001.png 1 0 0 76 79
img/00208_00002.png 1 0 0 61 59
img/00211_00000.png 1 0 0 151 145
img/00211_00001.png 1 0 0 192 190
img/00211_00002.png 1 0 0 119 112
img/00222_00000.png 1 0 0 175 178
img/00222_00001.png 1 0 0 96 98
img/00222_00002.png 1 0 0 67 70
img/00259_00000.png 1 0 0 80 144
img/00259_00001.png 1 0 0 82 73
img/00259_00002.png 1 0 0 73 63
img/00270_00000.png 1 0 0 62 59
img/00270_00001.png 1 0 0 67 62
img/00270_00002.png 1 0 0 72 109
img/00391_00000.png 1 0 0 30 29
img/00391_00001.png 1 0 0 31 30
img/00391_00002.png 1 0 0 30 29
img/00455_00000.png 1 0 0 42 42
img/00455_00001.png 1 0 0 44 42
img/00455_00002.png 1 0 0 45 44
img/00468_00000.png 1 0 0 52 51
img/00468_00001.png 1 0 0 48 44
img/00468_00002.png 1 0 0 81 76
img/00475_00000.png 1 0 0 152 142
img/00475_00001.png 1 0 0 91 83
img/00475_00002.png 1 0 0 64 59
img/00547_00000.png 1 0 0 27 27
img/00801_00000.png 1 0 0 108 97
img/00801_00001.png 1 0 0 99 86
img/00801_00002.png 1 0 0 86 81
img/00806_00000.png 1 0 0 27 67
img/00806_00001.png 1 0 0 26 67
img/00806_00002.png 1 0 0 25 63
img/00874_00000.png 1 0 0 79 73
img/00874_00001.png 1 0 0 85 83
img/00874_00002.png 1 0 0 98 93
img/00876_00000.png 1 0 0 99 142
img/00876_00001.png 1 0 0 116 178
img/00876_00002.png 1 0 0 106 160
img/00877_00000.png 1 0 0 136 123
img/00877_00001.png 1 0 0 153 139
img/00877_00002.png 1 0 0 145 130
img/00881_00000.png 1 0 0 95 87
img/00881_00001.png 1 0 0 106 103
img/00881_00002.png 1 0 0 99 96
img/00897_00000.png 1 0 0 103 98
img/00897_00001.png 1 0 0 84 81
img/00897_00002.png 1 0 0 92 91
img/00900_00000.png 1 0 0 88 81
img/00900_00001.png 1 0 0 73 68
img/00900_00002.png 1 0 0 83 74
img/00920_00000.png 1 0 0 91 97
img/00920_00001.png 1 0 0 94 98
img/00920_00002.png 1 0 0 88 96
img/00921_00000.png 1 0 0 105 110
img/00921_00001.png 1 0 0 112 121
img/00927_00000.png 1 0 0 45 41
img/00927_00001.png 1 0 0 45 33
img/00928_00000.png 1 0 0 44 43
img/00928_00001.png 1 0 0 44 45
img/00928_00002.png 1 0 0 43 43
img/00930_00000.png 1 0 0 58 58
img/00930_00001.png 1 0 0 62 63
img/00930_00002.png 1 0 0 71 69
img/00931_00000.png 1 0 0 46 47
img/00931_00001.png 1 0 0 46 46
img/00931_00002.png 1 0 0 46 46
img/00933_00000.png 1 0 0 91 97
img/00933_00001.png 1 0 0 84 86
img/00933_00002.png 1 0 0 75 79
img/00935_00000.png 1 0 0 41 41
img/00935_00001.png 1 0 0 49 50
img/00935_00002.png 1 0 0 47 46
img/00937_00000.png 1 0 0 38 40
img/00937_00001.png 1 0 0 35 37
img/00937_00002.png 1 0 0 37 38
img/00937_00003.png 1 0 0 36 37
img/00938_00000.png 1 0 0 50 44
img/00938_00001.png 1 0 0 39 38
img/00941_00000.png 1 0 0 170 151
img/00941_00001.png 1 0 0 111 100
img/00941_00002.png 1 0 0 123 110
img/00943_00000.png 1 0 0 37 40
img/00943_00001.png 1 0 0 36 39
img/00945_00000.png 1 0 0 35 37
img/00945_00001.png 1 0 0 35 37
img/00945_00002.png 1 0 0 33 34
img/00947_00000.png 1 0 0 74 72
img/00947_00001.png 1 0 0 81 76
img/00947_00002.png 1 0 0 88 87
img/00951_00000.png 1 0 0 25 28
img/00951_00001.png 1 0 0 25 28
img/00951_00002.png 1 0 0 26 29
img/00952_00000.png 1 0 0 21 22
img/00952_00001.png 1 0 0 22 22
img/00952_00002.png 1 0 0 21 23
img/00957_00000.png 1 0 0 47 48
img/00957_00001.png 1 0 0 46 46
img/00957_00002.png 1 0 0 45 45
img/00959_00000.png 1 0 0 36 37
img/00959_00001.png 1 0 0 40 38
img/00959_00002.png 1 0 0 37 37
img/00965_00000.png 1 0 0 122 110
img/00965_00001.png 1 0 0 115 105
img/00965_00002.png 1 0 0 110 97
img/01002_00000.png 1 0 0 31 32
img/01002_00001.png 1 0 0 32 30
img/01002_00002.png 1 0 0 31 31
img/01003_00000.png 1 0 0 31 33
img/01003_00001.png 1 0 0 32 29
img/01003_00002.png 1 0 0 30 31
img/01012_00000.png 1 0 0 24 26
img/01012_00001.png 1 0 0 25 26
img/01012_00002.png 1 0 0 24 25
img/01013_00000.png 1 0 0 24 26
img/01013_00001.png 1 0 0 25 27
img/01013_00002.png 1 0 0 25 26
img/01028_00000.png 1 0 0 49 45
img/01028_00001.png 1 0 0 50 46
img/01028_00002.png 1 0 0 51 47
img/01102_00000.png 1 0 0 34 37
img/01102_00001.png 1 0 0 38 37
img/01102_00002.png 1 0 0 35 37
img/01103_00000.png 1 0 0 84 75
img/01103_00001.png 1 0 0 104 97
img/01103_00002.png 1 0 0 94 84
img/01108_00000.png 1 0 0 37 44
img/01108_00001.png 1 0 0 37 45
img/01108_00002.png 1 0 0 38 44
img/01109_00000.png 1 0 0 36 37
img/01109_00001.png 1 0 0 35 38
img/01109_00002.png 1 0 0 33 37
img/01111_00000.png 1 0 0 49 50
img/01111_00001.png 1 0 0 46 48
img/01111_00002.png 1 0 0 53 53
img/01112_00000.png 1 0 0 49 51
img/01112_00001.png 1 0 0 51 52
img/01112_00002.png 1 0 0 54 55
img/01114_00000.png 1 0 0 74 69
img/01114_00001.png 1 0 0 71 64
img/01114_00002.png 1 0 0 81 73
img/01231_00000.png 1 0 0 27 27
img/01231_00001.png 1 0 0 27 29
img/01231_00002.png 1 0 0 26 28
img/01231_00003.png 1 0 0 28 29
img/01232_00000.png 1 0 0 43 44
img/01232_00001.png 1 0 0 44 45
img/01232_00002.png 1 0 0 42 45
img/01237_00000.png 1 0 0 64 68
img/01237_00001.png 1 0 0 58 59
img/01237_00002.png 1 0 0 61 63
img/01238_00000.png 1 0 0 36 39
img/01238_00001.png 1 0 0 36 38
img/01238_00002.png 1 0 0 37 41
img/01243_00000.png 1 0 0 38 40
img/01243_00001.png 1 0 0 37 39
img/01243_00002.png 1 0 0 39 40
img/01244_00000.png 1 0 0 42 43
img/01244_00001.png 1 0 0 58 60
img/01244_00002.png 1 0 0 62 64
img/01248_00000.png 1 0 0 49 50
img/01248_00001.png 1 0 0 48 48
img/01248_00002.png 1 0 0 45 47
img/01249_00000.png 1 0 0 50 51
img/01249_00001.png 1 0 0 53 53
img/01249_00002.png 1 0 0 48 48
img/01249_00003.png 1 0 0 45 47
img/01253_00000.png 1 0 0 81 86
img/01253_00001.png 1 0 0 70 72
img/01253_00002.png 1 0 0 60 60
img/01253_00003.png 1 0 0 54 55
img/01254_00000.png 1 0 0 46 48
img/01254_00001.png 1 0 0 50 51
img/01254_00002.png 1 0 0 44 46
img/01262_00000.png 1 0 0 46 47
img/01262_00001.png 1 0 0 44 46
img/01262_00002.png 1 0 0 43 44
img/01263_00000.png 1 0 0 41 43
img/01263_00001.png 1 0 0 37 41
img/01263_00002.png 1 0 0 41 44
img/01269_00000.png 1 0 0 49 51
img/01269_00001.png 1 0 0 54 53
img/01269_00002.png 1 0 0 46 47
img/01270_00000.png 1 0 0 71 74
img/01270_00001.png 1 0 0 79 82
img/01275_00000.png 1 0 0 49 51
img/01275_00001.png 1 0 0 45 46
img/01275_00002.png 1 0 0 44 44
img/01276_00000.png 1 0 0 84 105
img/01276_00001.png 1 0 0 75 93
img/01276_00002.png 1 0 0 70 82
img/01278_00000.png 1 0 0 122 110
img/01278_00001.png 1 0 0 112 105
img/01278_00002.png 1 0 0 106 96
img/01291_00000.png 1 0 0 104 100
img/01291_00001.png 1 0 0 166 168
img/01291_00002.png 1 0 0 73 71
img/01320_00000.png 1 0 0 56 135
img/01502_00000.png 1 0 0 53 52
img/01502_00001.png 1 0 0 60 60
img/01502_00002.png 1 0 0 75 73
img/01503_00000.png 1 0 0 115 103
img/01503_00001.png 1 0 0 154 133
img/01503_00002.png 1 0 0 183 260
img/01504_00000.png 1 0 0 84 83
img/01511_00000.png 1 0 0 87 87
img/01511_00001.png 1 0 0 64 68
img/01511_00002.png 1 0 0 54 55
img/01514_00000.png 1 0 0 95 105
img/01514_00001.png 1 0 0 83 93
img/01514_00002.png 1 0 0 75 84
img/01515_00000.png 1 0 0 175 159
img/01515_00001.png 1 0 0 141 127
img/01515_00002.png 1 0 0 111 99
img/01519_00000.png 1 0 0 59 62
img/01519_00001.png 1 0 0 50 52
img/01519_00002.png 1 0 0 45 46
img/01524_00000.png 1 0 0 63 134
img/01524_00001.png 1 0 0 61 67
img/01524_00002.png 1 0 0 48 49
img/01525_00000.png 1 0 0 68 62
img/01525_00001.png 1 0 0 56 54
img/01525_00002.png 1 0 0 47 47
img/01526_00000.png 1 0 0 91 86
img/01526_00001.png 1 0 0 69 68
img/01526_00002.png 1 0 0 57 56
img/01528_00000.png 1 0 0 74 71
img/01528_00001.png 1 0 0 58 56
img/01528_00002.png 1 0 0 48 48
img/01536_00000.png 1 0 0 82 81
img/01536_00001.png 1 0 0 64 63
img/01536_00002.png 1 0 0 50 50
img/01556_00000.png 1 0 0 189 171
img/01556_00001.png 1 0 0 304 287
img/01556_00002.png 1 0 0 119 108
img/01569_00000.png 1 0 0 69 71
img/01569_00001.png 1 0 0 49 56
img/01584_00000.png 1 0 0 108 104
img/01584_00001.png 1 0 0 131 129
img/01584_00002.png 1 0 0 166 168
img/01585_00000.png 1 0 0 203 184
img/01585_00001.png 1 0 0 115 104
img/01585_00002.png 1 0 0 152 139
img/01588_00000.png 1 0 0 75 70
img/01588_00001.png 1 0 0 56 54
img/01588_00002.png 1 0 0 49 49
img/01590_00000.png 1 0 0 132 121
img/01590_00001.png 1 0 0 201 180
img/01590_00002.png 1 0 0 230 283
img/01651_00000.png 1 0 0 84 81
img/01651_00001.png 1 0 0 73 71
img/01651_00002.png 1 0 0 85 146
img/01656_00000.png 1 0 0 67 64
img/01656_00001.png 1 0 0 54 54
img/01662_00000.png 1 0 0 91 142
img/01662_00001.png 1 0 0 76 99
img/01662_00002.png 1 0 0 105 194
img/01673_00000.png 1 0 0 47 45
img/01673_00001.png 1 0 0 40 39
img/01681_00000.png 1 0 0 123 192
img/01681_00001.png 1 0 0 92 187
img/01681_00002.png 1 0 0 74 71
img/01699_00000.png 1 0 0 120 115
img/01699_00001.png 1 0 0 85 76
img/01699_00002.png 1 0 0 97 91
img/01702_00000.png 1 0 0 59 83
img/01702_00001.png 1 0 0 49 82
img/01702_00002.png 1 0 0 44 43
img/01713_00000.png 1 0 0 72 110
img/01713_00001.png 1 0 0 56 53
img/01713_00002.png 1 0 0 47 47
img/01715_00000.png 1 0 0 55 56
img/01715_00001.png 1 0 0 46 48
img/01715_00002.png 1 0 0 43 43
img/01722_00000.png 1 0 0 169 156
img/01722_00001.png 1 0 0 133 122
img/01722_00002.png 1 0 0 111 99
img/01745_00000.png 1 0 0 67 127
img/01745_00001.png 1 0 0 70 71
img/01745_00002.png 1 0 0 51 54
img/01753_00000.png 1 0 0 55 63
img/01753_00001.png 1 0 0 46 51
img/01753_00002.png 1 0 0 60 97
img/01803_00000.png 1 0 0 100 97
img/01803_00001.png 1 0 0 69 69
img/01803_00002.png 1 0 0 53 51
img/01805_00000.png 1 0 0 74 73
img/01805_00001.png 1 0 0 59 59
img/01805_00002.png 1 0 0 50 51
img/01850_00000.png 1 0 0 87 76
img/01850_00001.png 1 0 0 175 153
img/01850_00002.png 1 0 0 115 103
img/01854_00000.png 1 0 0 110 106
img/01854_00001.png 1 0 0 87 82
img/01854_00002.png 1 0 0 105 208
img/01873_00000.png 1 0 0 123 123
img/01873_00001.png 1 0 0 86 87
img/01873_00002.png 1 0 0 105 103
img/01883_00000.png 1 0 0 47 59
img/01883_00001.png 1 0 0 49 54
img/01883_00002.png 1 0 0 50 96
img/01886_00000.png 1 0 0 73 72
img/01886_00001.png 1 0 0 59 58
img/01886_00002.png 1 0 0 49 50
img/01889_00000.png 1 0 0 36 37
img/01889_00001.png 1 0 0 37 39
img/01889_00002.png 1 0 0 40 61
img/01894_00000.png 1 0 0 68 81
img/01894_00001.png 1 0 0 80 83
img/01894_00002.png 1 0 0 53 82
img/01909_00000.png 1 0 0 83 84
img/01909_00001.png 1 0 0 55 58
img/01909_00002.png 1 0 0 51 52
img/01910_00000.png 1 0 0 39 70
img/01910_00001.png 1 0 0 37 37
img/01910_00002.png 1 0 0 122 123
img/01911_00000.png 1 0 0 71 68
img/01911_00001.png 1 0 0 58 57
img/01911_00002.png 1 0 0 47 47
img/01916_00000.png 1 0 0 57 62
img/01916_00001.png 1 0 0 48 47
img/01916_00002.png 1 0 0 55 108
img/01930_00000.png 1 0 0 130 128
img/01930_00001.png 1 0 0 84 83
img/01930_00002.png 1 0 0 58 60
img/01933_00000.png 1 0 0 86 165
img/01933_00001.png 1 0 0 91 86
img/01933_00002.png 1 0 0 58 60
img/01935_00000.png 1 0 0 43 81
img/01935_00001.png 1 0 0 56 81
img/01935_00002.png 1 0 0 36 82
img/01955_00000.png 1 0 0 134 132
img/01955_00001.png 1 0 0 80 82
img/01955_00002.png 1 0 0 61 59
img/01956_00000.png 1 0 0 141 139
img/01956_00001.png 1 0 0 86 87
img/01956_00002.png 1 0 0 61 62
img/01957_00000.png 1 0 0 119 121
img/01957_00001.png 1 0 0 74 75
img/01957_00002.png 1 0 0 53 55
img/01959_00000.png 1 0 0 67 111
img/01959_00001.png 1 0 0 39 39
img/01959_00002.png 1 0 0 56 110
img/01971_00000.png 1 0 0 146 203
img/01971_00001.png 1 0 0 92 82
img/01971_00002.png 1 0 0 121 105
